%YAML:1.0
---
camera_matrix: !!opencv-matrix
   rows: 3
   cols: 3
   dt: d
   data: [ 1569.0959267952558, 0., 39.467671138499881, 0.,
       1538.7231316303923, 301.1686276829912, 0., 0., 1. ]
distortion_coefficients: !!opencv-matrix
   rows: 1
   cols: 5
   dt: d
   data: [ -0.68492182121434031, 0.73541506378925015,
       -0.003825949336810709, 0.020509937547229028, -0.38375560575885437 ]
